45
0 18 37 
1 7 29 
2 12 8 6 7 
3 8 43 
4 6 10 
5 22 12 
6 4 23 2 38 35 
7 31 1 2 26 
8 2 3 
9 35 24 
10 4 35 
11 21 26 
12 5 2 29 38 
13 33 44 
14 29 21 
15 16 36 
16 41 15 
17 38 19 
18 42 0 
19 17 31 33 29 
20 37 25 
21 14 11 
22 25 5 
23 40 6 
24 9 27 35 
25 20 22 
26 11 42 7 33 
27 24 38 
28 43 34 
29 1 14 19 12 
30 44 39 
31 19 7 
32 39 41 
33 34 13 26 19 
34 28 33 
35 10 9 6 24 
36 15 40 
37 0 20 
38 27 17 12 6 
39 30 32 
40 36 23 
41 32 16 
42 26 18 
43 3 28 
44 13 30 
15
0 37 18 
1 29 7 
37 20 0 
7 1 31 
42 18 26 
11 26 21 
14 21 29 
18 0 42 
19 31 
20 25 37 
21 11 14 
25 20 
26 42 11 
29 14 1 
31 7 19 
