55
0 35 15 
1 6 30 
2 12 6 
3 52 28 
4 10 11 
5 34 13 
6 2 1 
7 13 19 
8 50 36 32 44 
9 19 14 
10 54 4 
11 4 49 
12 48 2 43 37 
13 5 7 
14 9 24 
15 0 39 25 
16 43 46 
17 51 32 
18 32 48 
19 7 9 
20 30 23 
21 40 33 
22 31 53 
23 20 52 37 32 
24 14 27 
25 37 34 44 15 
26 41 50 
27 24 31 
28 44 45 3 43 
29 46 41 
30 1 20 
31 27 22 
32 17 18 23 8 
33 21 38 46 35 
34 25 5 
35 53 0 33 43 
36 8 47 
37 49 25 12 23 
38 33 54 
39 15 44 
40 42 21 
41 29 26 43 46 
42 47 40 
43 16 28 41 35 12 
44 39 28 8 25 
45 28 51 
46 16 29 41 33 
47 36 42 
48 18 12 
49 11 37 
50 26 8 
51 45 17 
52 23 3 
53 22 35 
54 38 10 
18
0 15 35 
34 5 
35 0 53 
5 13 34 
39 44 15 
7 19 13 
9 14 19 
44 28 39 
13 7 5 
14 24 9 
15 39 0 
19 9 7 
53 35 22 
22 53 31 
24 27 14 
27 31 24 
28 44 
31 22 27 
