15
0 13 9 6 1 2 11 8 4 14 10 
1 2 6 0 10 3 4 9 12 8 7 11 14 
2 8 1 6 3 7 13 4 0 14 12 5 10 
3 10 12 2 6 9 4 13 1 
4 12 11 7 5 3 10 8 13 1 2 0 6 9 14 
5 10 4 12 13 14 6 2 
6 7 13 1 2 3 0 14 8 4 9 12 11 10 5 
7 11 6 10 2 13 4 8 9 1 12 
8 14 2 13 7 10 4 6 0 12 1 
9 0 14 7 3 6 1 11 4 12 10 
10 5 3 1 7 4 8 9 13 0 6 2 
11 4 7 0 14 12 9 6 1 
12 3 4 5 13 1 11 14 8 7 6 2 9 
13 6 0 2 7 12 8 4 3 10 5 
14 9 8 11 6 4 12 1 2 5 0 
15
0 9 13 1 6 11 2 8 4 10 14 
1 10 2 6 0 4 3 12 9 8 7 14 11 
2 1 8 6 3 0 7 13 4 12 14 5 10 
3 12 10 2 6 4 9 1 13 
4 11 12 5 7 2 3 13 10 8 1 0 6 14 9 
5 10 4 12 13 14 6 2 
6 7 13 1 0 2 3 14 9 8 4 12 11 10 5 
7 6 11 4 10 2 13 9 8 1 12 
8 2 14 7 13 10 4 6 0 12 1 
9 14 0 3 7 10 6 1 11 4 12 
10 3 5 7 1 4 8 13 9 6 0 2 
11 7 4 14 0 9 12 1 6 
12 4 3 13 5 6 1 11 14 9 8 7 2 
13 0 6 7 2 8 12 5 4 3 10 
14 8 9 6 11 12 4 2 1 0 5 
