25
0 16 5 21 18 11 12 19 10 2 23 13 9 17 6 8 3 
1 4 18 7 6 23 8 15 5 9 2 10 21 16 24 14 13 
2 8 7 6 10 22 20 13 24 1 18 16 12 4 0 9 5 
3 19 12 20 14 22 7 9 13 18 17 24 4 11 5 16 21 0 23 
4 12 1 10 6 16 15 3 9 5 7 14 2 11 19 18 21 20 23 8 13 
5 0 19 23 10 16 21 20 8 1 17 12 13 15 14 7 24 9 22 3 4 2 11 6 18 
6 10 21 1 16 8 23 14 11 4 2 24 15 18 22 20 13 0 5 
7 2 10 13 1 11 16 21 12 3 18 15 14 22 24 9 5 4 20 23 19 
8 15 2 23 6 24 11 5 12 1 13 16 21 14 17 18 4 20 0 
9 24 16 13 10 15 22 21 3 23 1 12 11 18 7 4 5 19 20 0 2 
10 7 6 5 23 11 4 2 24 9 16 17 20 22 18 21 1 0 19 
11 18 17 6 10 8 7 20 22 13 0 9 21 24 16 23 3 5 4 
12 3 4 7 15 16 21 8 24 0 19 22 5 14 9 2 13 17 18 
13 21 7 15 9 18 17 8 2 3 11 5 23 12 16 1 14 6 0 4 20 
14 20 22 3 6 5 12 7 16 24 8 21 1 13 4 
15 22 8 23 20 12 13 6 9 24 1 18 5 4 7 
16 9 0 6 23 7 5 10 12 17 8 11 2 13 4 14 1 24 18 21 22 19 3 
17 11 20 21 23 13 10 5 16 19 22 3 18 8 12 24 0 
18 1 11 0 24 7 13 10 3 17 6 2 15 16 21 12 9 5 4 23 8 
19 5 3 12 17 20 0 10 16 7 9 4 24 
20 17 14 15 3 10 5 24 11 2 23 7 19 9 6 21 4 13 8 
21 6 13 5 17 23 7 12 0 8 9 11 10 1 24 18 16 3 14 4 20 
22 14 15 9 3 11 2 17 10 6 12 16 7 5 23 
23 24 16 8 6 5 10 15 17 21 20 1 13 9 22 11 0 7 4 18 3 
24 23 9 10 8 18 6 12 20 2 15 21 11 1 16 7 14 5 3 19 17 
25
0 5 16 
1 18 4 7 6 
2 7 8 
3 12 19 14 20 
4 1 12 10 6 
5 19 0 10 23 21 16 8 20 
6 16 10 23 21 1 8 11 14 4 
7 10 2 13 1 16 11 
8 15 2 23 6 24 11 5 
9 16 24 
10 6 7 24 5 23 11 20 4 
11 17 18 10 6 7 8 
12 4 3 
13 21 7 
14 22 20 6 3 
15 8 22 20 23 
16 0 9 23 6 5 7 
17 20 11 23 21 
18 11 1 
19 3 5 
20 14 17 3 15 5 10 
21 6 13 17 5 
22 15 14 
23 24 16 8 6 5 10 15 17 
24 9 23 8 10 
