35
0 29 6 28 2 21 8 5 24 17 15 4 16 30 20 
1 23 21 34 6 27 8 15 24 9 18 22 29 13 16 10 25 2 28 26 11 19 
2 31 16 0 27 18 3 28 10 9 21 6 12 7 30 4 29 15 25 1 22 33 23 17 5 14 34 19 26 
3 15 12 7 5 20 18 2 6 33 10 23 26 22 34 28 9 25 11 8 31 27 21 
4 10 7 5 21 22 33 24 31 17 12 6 18 16 26 13 15 20 2 34 8 25 0 9 11 30 27 
5 7 29 3 10 23 20 8 4 33 17 34 31 25 0 21 15 16 24 9 32 22 14 30 12 2 27 
6 0 9 3 20 14 12 11 24 16 21 15 1 26 17 19 31 10 13 34 30 8 4 32 2 22 27 18 33 
7 4 5 10 3 27 31 28 11 21 34 30 15 24 17 33 2 32 9 20 18 19 25 8 26 16 14 
8 26 21 27 29 12 5 9 33 0 16 23 1 13 30 20 19 10 14 28 6 34 22 11 3 24 31 4 15 25 7 32 17 
9 6 25 10 8 13 2 26 34 31 19 28 16 1 18 15 17 3 30 24 5 29 22 7 20 12 4 11 27 32 14 
10 21 4 27 7 5 23 2 18 22 9 3 20 25 24 19 6 15 8 1 12 13 33 34 28 11 29 26 
11 22 20 34 6 7 33 29 25 16 23 12 28 3 8 32 14 4 13 19 9 31 18 15 10 27 1 
12 3 26 6 8 17 32 31 19 18 20 4 11 2 34 10 29 21 9 5 33 28 24 
13 16 34 20 27 17 23 18 32 24 9 21 15 6 8 22 28 26 4 1 33 25 10 11 19 
14 23 32 25 6 17 19 8 24 11 29 15 22 5 30 9 16 7 2 
15 32 3 13 6 1 22 7 20 19 18 5 16 27 10 34 9 0 17 4 24 8 23 30 14 33 2 26 21 31 11 
16 2 13 28 19 8 6 29 11 9 20 15 5 23 4 21 24 0 1 22 33 27 32 14 7 30 34 
17 25 18 26 13 31 12 5 28 34 29 27 21 6 14 9 4 7 0 15 22 8 33 23 2 
18 17 28 3 2 10 13 34 20 15 26 9 12 21 1 30 32 4 24 7 6 11 31 
19 27 33 16 24 9 28 20 15 14 6 12 10 8 22 31 23 26 32 29 7 21 30 13 11 1 2 
20 11 27 5 3 6 13 10 25 34 21 15 32 30 22 18 31 16 19 28 8 12 26 9 7 33 4 0 23 
21 8 10 4 26 2 0 6 1 20 13 25 29 17 7 22 5 30 27 34 18 28 31 32 16 33 19 15 12 3 23 
22 24 11 31 4 32 10 15 27 20 23 19 21 1 3 8 6 17 33 9 13 14 16 2 5 34 30 
23 1 14 10 5 13 31 11 8 22 3 24 34 19 28 27 16 15 25 20 33 21 30 2 17 
24 30 22 19 4 6 27 10 13 0 33 5 1 26 34 14 23 32 28 18 9 16 7 15 8 12 29 
25 9 17 27 14 20 10 11 21 31 5 30 28 34 3 23 4 7 13 29 8 2 1 
26 12 8 21 17 3 9 18 6 20 24 4 19 28 13 29 34 7 32 27 30 33 15 1 31 2 10 
27 20 19 2 10 13 8 29 25 24 7 1 34 22 17 21 15 6 23 33 28 30 26 9 3 5 16 4 11 
28 18 30 34 0 33 16 31 2 17 7 19 9 25 20 11 3 24 21 23 8 13 26 27 32 10 1 29 12 
29 5 0 8 27 17 11 21 16 31 9 32 26 33 1 2 34 12 19 14 25 10 28 24 30 
30 28 24 33 7 32 20 8 25 6 21 9 18 2 34 19 27 26 15 14 0 23 5 29 16 22 4 
31 33 2 23 22 4 28 7 17 5 25 20 9 6 12 21 19 3 29 8 32 26 11 18 15 
32 14 15 13 34 12 22 20 30 18 24 5 6 19 21 31 29 28 7 33 11 26 8 16 9 
33 19 31 4 28 8 5 11 3 24 30 22 7 34 27 6 29 13 20 10 32 17 21 16 15 23 26 12 2 
34 13 28 32 11 1 20 27 17 7 5 9 18 24 6 23 21 3 15 12 8 30 25 26 33 29 4 2 10 16 22 
35
0 6 29 2 28 24 21 8 5 15 17 16 4 20 30 
1 23 21 34 6 27 8 15 24 9 18 22 29 13 16 10 25 2 28 26 11 19 
2 27 31 16 0 21 18 3 28 10 9 30 6 12 7 29 4 25 15 22 1 34 33 5 23 17 14 19 26 
3 12 15 5 7 18 20 6 2 10 33 26 23 34 22 9 28 31 25 11 8 21 27 
4 7 10 21 5 33 22 31 24 12 17 18 6 26 16 13 15 2 20 0 34 8 25 11 9 27 30 
5 29 7 4 3 10 23 20 8 33 17 0 34 24 31 25 21 15 16 32 9 14 22 12 30 27 2 
6 9 0 20 3 14 12 24 11 21 16 1 15 13 26 17 19 31 10 30 34 2 8 4 32 27 22 18 33 
7 5 4 3 10 31 27 28 11 34 21 15 30 2 24 17 33 32 9 20 18 25 19 26 8 14 16 
8 21 26 5 27 33 29 12 9 16 0 1 23 30 13 19 20 14 10 6 28 22 34 24 11 3 31 15 4 17 25 7 32 
9 25 6 8 10 2 13 19 26 34 31 28 16 18 1 30 15 17 3 5 24 29 22 7 20 27 12 4 11 14 32 
10 4 21 7 27 23 5 9 2 18 22 24 3 20 25 6 19 8 15 12 1 33 13 28 34 29 11 26 
11 20 22 6 34 7 33 23 29 25 16 28 12 8 3 14 32 10 4 9 13 19 31 1 18 15 27 
12 26 3 6 8 32 17 19 31 20 18 11 4 34 2 29 10 33 21 9 5 28 24 
13 23 16 34 20 27 17 9 18 32 24 15 21 8 6 22 28 26 4 33 1 10 25 11 19 
14 32 23 25 6 19 17 24 8 29 11 30 15 22 5 2 9 16 7 
15 3 32 6 13 22 1 20 7 18 19 9 5 16 27 10 34 4 0 17 24 23 8 2 30 14 33 21 26 31 11 
16 13 2 19 28 6 8 11 29 9 20 5 15 24 23 4 21 1 0 33 22 32 27 30 14 7 34 
17 18 25 13 26 12 31 5 28 29 34 21 27 14 6 4 9 22 7 0 15 33 8 23 2 
18 28 17 2 3 13 10 26 34 20 15 12 9 1 21 32 30 24 4 7 6 11 31 
19 33 27 24 16 22 9 15 28 20 14 6 12 10 8 23 31 30 26 32 29 7 21 13 11 2 1 
20 27 11 13 5 3 6 21 10 25 34 22 15 32 30 31 18 16 19 8 28 26 12 9 7 4 33 23 0 
21 10 8 1 4 26 2 0 6 13 20 7 25 29 17 5 22 18 30 27 34 31 28 16 32 19 33 23 15 12 3 
22 11 24 4 31 10 32 27 15 21 20 23 19 3 1 6 8 9 17 33 13 16 14 5 2 34 30 
23 14 1 31 10 5 13 8 11 3 22 34 24 28 19 16 27 25 15 33 20 30 21 2 17 
24 22 30 13 19 4 6 27 10 33 0 1 5 34 26 23 14 28 32 7 18 9 16 15 8 12 29 
25 17 9 27 14 10 20 21 11 31 5 28 30 3 34 1 23 4 7 13 29 8 2 
26 8 12 17 21 6 3 9 18 24 20 19 4 28 13 29 34 27 7 32 30 15 33 31 1 2 10 
27 10 20 19 2 8 13 29 25 7 24 34 1 17 22 15 21 23 6 33 28 30 26 3 9 11 5 16 4 
28 30 18 0 34 2 33 16 31 17 7 19 9 20 25 21 11 3 24 8 23 13 26 27 32 1 10 29 12 
29 0 5 8 27 11 17 16 21 1 31 19 9 32 26 33 2 34 12 25 14 30 10 28 24 
30 28 24 33 7 32 20 8 25 6 21 9 18 2 34 19 15 27 26 14 0 23 5 29 4 16 22 
31 2 33 22 23 28 4 17 7 5 25 9 20 12 6 29 21 19 3 8 32 11 26 18 15 
32 15 14 22 13 34 12 30 20 24 18 6 5 21 19 31 29 28 7 11 33 8 26 9 16 
33 30 19 31 4 28 8 3 5 11 24 7 22 34 27 6 29 20 13 21 10 32 17 15 16 2 23 26 12 
34 28 13 11 32 5 1 20 27 17 7 18 9 6 24 21 23 15 3 25 12 8 30 26 33 4 29 10 2 16 22 
