45
0 29 4 23 27 20 36 37 17 6 31 32 19 28 16 3 9 11 43 41 38 5 40 8 18 10 2 21 44 12 15 39 
1 42 9 38 36 22 7 6 39 40 32 26 24 37 33 19 30 29 13 10 3 14 44 31 21 23 8 4 12 17 2 15 25 
2 15 30 14 18 17 3 40 6 44 12 24 32 27 11 21 38 28 23 8 13 5 41 9 34 0 4 42 22 26 37 20 35 39 7 1 31 
3 6 32 30 27 21 29 2 33 28 40 37 24 11 0 20 8 9 14 34 42 19 5 16 18 1 23 41 39 35 10 7 4 26 12 
4 0 15 33 38 19 40 37 6 27 5 44 21 29 36 43 20 13 31 18 28 30 12 2 10 11 35 23 26 41 17 25 7 9 34 16 1 3 14 
5 43 31 22 29 17 18 4 28 40 38 6 7 25 21 14 13 16 24 37 8 27 35 11 12 9 0 32 2 3 26 10 36 23 15 33 30 34 20 
6 16 3 7 0 4 19 10 27 2 40 43 5 42 26 32 14 38 1 44 11 15 35 12 34 28 37 33 22 9 25 
7 8 21 38 37 23 6 1 44 24 43 5 30 32 33 42 29 11 9 34 17 39 12 28 13 4 26 2 35 22 3 14 10 41 15 20 40 31 16 
8 7 44 17 33 30 11 9 35 39 12 20 15 22 28 10 3 19 5 27 43 21 32 2 26 41 34 0 1 25 18 13 40 37 
9 1 22 41 25 23 37 8 26 27 19 0 20 7 24 16 3 21 11 39 5 17 42 30 2 32 10 38 18 43 35 36 14 12 4 29 6 
10 27 33 12 39 24 6 31 16 8 28 19 29 35 36 41 26 37 18 9 0 4 32 13 1 15 5 43 34 30 25 11 40 3 21 7 23 20 38 
11 39 34 37 14 17 8 20 40 30 31 19 41 29 3 25 16 2 42 36 7 9 0 23 44 32 5 26 13 18 35 27 4 6 43 24 10 12 33 
12 35 16 37 17 21 10 2 8 24 25 40 23 13 32 5 27 4 44 15 29 7 34 30 11 33 9 38 6 18 22 1 26 36 0 14 43 3 20 19 41 
13 26 35 24 34 30 43 5 12 36 37 2 20 31 25 41 23 17 4 11 16 32 38 33 21 1 10 7 14 8 19 40 15 22 42 27 18 29 44 
14 44 36 11 2 6 5 28 15 3 35 34 37 9 1 27 32 13 43 4 7 21 20 17 18 29 12 
15 4 2 25 26 17 42 32 23 14 20 35 8 43 38 16 12 28 39 36 10 19 24 5 6 13 34 7 21 0 27 18 1 
16 12 6 42 44 10 30 31 22 0 28 35 40 11 27 20 29 24 5 38 9 21 32 13 3 36 15 33 4 34 39 43 25 18 41 7 26 
17 34 19 12 41 0 26 18 44 8 21 30 11 31 43 40 15 39 2 33 5 29 35 24 13 7 9 37 28 4 23 22 20 32 14 38 1 
18 37 23 2 17 29 22 5 24 31 25 10 4 33 42 3 11 34 36 0 32 9 30 39 20 44 41 38 12 28 8 21 16 14 27 13 15 
19 17 28 0 4 6 36 9 40 30 11 8 10 24 3 27 41 31 29 44 1 35 15 37 32 13 20 42 26 23 12 21 39 
20 40 37 38 0 32 11 8 24 15 29 9 3 21 16 4 26 13 31 18 25 5 2 17 42 19 27 35 41 34 33 14 7 28 10 12 23 
21 7 40 26 12 17 3 5 32 23 25 4 20 36 2 24 9 8 16 35 30 13 39 1 37 10 0 31 18 15 14 41 19 
22 9 25 36 5 18 33 40 1 41 44 16 28 8 27 23 31 2 43 12 17 42 7 6 13 
23 18 29 28 0 34 9 26 7 12 31 15 21 2 43 25 11 13 22 24 30 3 4 39 36 17 5 42 1 10 35 44 33 20 19 
24 32 38 26 13 18 10 20 7 43 12 3 2 9 16 5 31 42 21 25 19 1 23 30 17 15 39 37 11 44 41 
25 22 27 9 15 12 5 21 37 31 11 13 23 18 24 43 30 20 33 35 4 10 36 8 28 16 42 1 40 6 38 
26 30 13 15 21 35 24 17 38 9 23 44 27 6 37 20 43 5 31 10 1 32 11 29 8 4 39 7 2 12 28 41 42 19 40 16 3 
27 25 10 0 33 3 35 6 4 26 9 22 28 16 2 8 5 12 42 31 19 30 11 44 14 20 34 15 32 18 29 41 13 
28 36 42 19 23 43 40 5 3 22 0 16 14 27 8 10 33 35 2 4 34 17 15 39 7 25 6 26 18 37 20 
29 23 0 5 33 39 30 3 18 40 32 20 17 7 11 10 31 42 44 16 4 19 37 12 26 35 1 27 14 41 13 43 9 
30 2 26 29 3 8 17 42 11 7 13 16 19 23 24 21 4 1 34 25 9 18 27 39 35 32 10 5 12 33 44 43 37 
31 5 41 0 17 11 38 23 10 37 16 29 25 24 33 20 13 22 18 26 27 4 19 39 44 34 1 42 21 2 7 
32 3 24 40 20 29 0 21 44 2 7 33 6 12 15 16 8 36 11 1 5 42 26 18 9 10 13 14 39 19 35 37 30 27 17 38 43 
33 10 39 27 4 29 37 22 8 3 17 36 40 7 32 28 42 31 35 1 18 25 13 43 5 11 12 44 38 41 16 20 30 23 6 
34 11 17 13 23 38 3 28 7 30 18 12 43 2 14 37 8 10 44 4 31 6 5 27 16 15 20 
35 13 12 27 26 38 8 17 16 40 15 33 10 14 36 5 28 11 21 4 42 9 37 30 29 44 19 6 39 32 25 2 3 7 20 23 43 
36 14 28 0 22 19 42 1 33 4 11 10 21 35 13 44 32 18 16 23 15 5 9 25 41 40 12 
37 20 18 33 12 9 0 7 11 44 4 26 3 25 31 13 5 29 10 42 1 14 34 35 17 43 19 2 32 39 24 21 38 6 41 30 28 8 40 
38 24 43 4 20 26 7 31 35 5 1 2 16 15 34 0 6 13 9 37 12 33 18 10 17 44 32 25 41 
39 33 11 10 29 8 17 1 9 41 7 15 18 21 30 26 23 24 44 35 31 32 28 3 37 16 2 19 0 
40 21 20 28 32 11 29 4 17 3 5 33 2 6 22 19 12 16 35 0 1 10 42 26 13 7 36 25 8 37 43 
41 31 44 17 9 11 22 42 0 2 13 19 10 8 39 18 4 36 3 37 33 20 26 16 7 12 27 24 29 38 21 
42 28 1 15 16 36 30 44 6 33 7 11 29 3 24 27 41 9 37 18 32 35 2 40 43 20 23 26 22 25 19 13 31 
43 38 5 17 28 7 6 13 24 23 4 26 15 0 8 34 25 22 9 11 10 14 37 42 33 35 16 12 30 40 44 32 29 
44 41 14 17 8 16 37 7 2 32 26 22 42 29 4 11 36 12 19 1 6 34 35 39 18 31 27 0 33 30 23 43 24 13 38 
45
0 4 29 27 23 17 20 36 37 31 6 32 19 
1 9 42 7 38 36 22 
2 30 15 18 14 12 17 3 40 6 44 
3 32 6 30 27 29 21 33 2 40 28 
4 15 0 38 33 19 40 37 6 5 27 
5 31 43 29 22 18 17 28 4 38 40 21 
6 3 16 0 7 4 19 27 10 40 2 
7 21 8 37 38 6 23 44 1 
8 7 44 17 33 30 11 9 35 39 12 
9 22 1 37 41 25 23 26 8 19 27 
10 33 27 12 39 6 24 
11 39 34 37 14 17 8 20 31 40 30 19 
12 16 35 17 37 21 10 8 2 
13 35 26 34 24 
14 36 44 2 11 
15 2 4 26 25 17 42 
16 6 12 42 44 
17 44 34 19 12 41 0 26 18 11 8 21 30 43 31 40 15 5 39 2 33 
18 23 37 17 2 22 29 24 5 
19 28 17 0 4 6 36 11 9 
20 37 40 0 38 11 32 
21 40 7 26 12 3 17 32 5 
22 25 9 5 36 33 18 1 40 
23 29 18 0 28 9 34 7 26 
24 38 32 13 26 10 18 
25 27 22 15 9 
26 13 30 38 15 24 21 35 17 23 9 27 44 
27 10 25 33 0 3 35 9 6 4 26 
28 42 36 23 19 40 43 3 5 
29 0 23 33 5 39 30 18 3 40 32 
30 26 2 29 3 17 8 42 11 
31 41 5 17 0 38 11 
32 24 3 20 40 29 0 44 21 
33 39 10 37 27 4 29 8 22 17 3 40 36 
34 17 11 23 13 
35 12 13 27 26 8 38 
36 28 14 22 0 19 42 33 1 
37 18 20 11 33 12 9 0 7 44 4 
38 43 24 20 4 7 26 35 31 1 5 
39 11 33 10 29 17 8 
40 20 21 32 28 11 29 4 17 2 3 5 33 22 6 
41 44 31 9 17 
42 1 28 15 16 36 30 
43 5 38 28 17 
44 14 41 8 17 16 37 26 7 2 32 
